25.390694 36.997082 
25.390417 36.997082 
25.390417 36.997360 
25.390139 36.997360 
25.390141 36.997639 
25.389860 36.997639 
25.389860 36.997921 
25.389580 36.997921 
25.389580 36.998199 
25.389305 36.998196 
25.389305 36.998474 
25.389032 36.998470 
25.389032 36.999031 
25.388752 36.999027 
25.388752 36.999584 
25.388472 36.999580 
25.388472 37.000141 
25.388203 37.000141 
25.388203 37.000420 
25.387362 37.000416 
25.387362 37.000694 
25.387083 37.000694 
25.387083 37.000973 
25.386806 37.000973 
25.386806 37.001251 
25.386528 37.001251 
25.386528 37.001530 
25.386250 37.001530 
25.386250 37.002083 
25.385969 37.002079 
25.385969 37.002640 
25.385691 37.002640 
25.385695 37.002918 
25.385416 37.002918 
25.385420 37.004028 
25.385139 37.004028 
25.385139 37.004581 
25.384859 37.004589 
25.384859 37.005138 
25.384583 37.005138 
25.384583 37.005974 
25.384310 37.005970 
25.384310 37.006809 
25.384029 37.006809 
25.384029 37.007641 
25.383751 37.007637 
25.383751 37.008194 
25.383471 37.008190 
25.383471 37.009029 
25.383190 37.009029 
25.383194 37.009861 
25.382641 37.009861 
25.382641 37.010422 
25.382360 37.010418 
25.382360 37.010693 
25.382639 37.010693 
25.382641 37.010971 
25.382360 37.010971 
25.382360 37.011532 
25.382080 37.011532 
25.382080 37.011810 
25.381804 37.011806 
25.381804 37.012085 
25.381531 37.012081 
25.381531 37.012920 
25.380970 37.012920 
25.380970 37.013199 
25.380693 37.013195 
25.380693 37.013748 
25.380421 37.013748 
25.380421 37.014030 
25.380140 37.014030 
25.380140 37.014309 
25.379862 37.014305 
25.379862 37.014584 
25.379585 37.014584 
25.379585 37.014862 
25.379299 37.014858 
25.379305 37.015141 
25.379030 37.015141 
25.379030 37.015419 
25.378750 37.015415 
25.378750 37.015972 
25.378469 37.015968 
25.378471 37.016529 
25.377916 37.016529 
25.377916 37.016804 
25.377640 37.016804 
25.377640 37.017082 
25.377359 37.017078 
25.377359 37.017361 
25.377083 37.017361 
25.377083 37.017921 
25.376810 37.017921 
25.376810 37.018200 
25.376530 37.018200 
25.376530 37.020420 
25.376806 37.020416 
25.376806 37.021252 
25.377083 37.021252 
25.377083 37.021805 
25.370972 37.021805 
25.370972 37.021526 
25.370701 37.021530 
25.370701 37.020969 
25.367916 37.020973 
25.367920 37.021252 
25.367640 37.021252 
25.367640 37.021530 
25.367083 37.021526 
25.367083 37.021805 
25.366806 37.021805 
25.366806 37.022083 
25.366528 37.022083 
25.366528 37.022915 
25.365690 37.022911 
25.365692 37.023750 
25.365139 37.023750 
25.365141 37.024029 
25.364861 37.024029 
25.364861 37.024311 
25.364584 37.024307 
25.364584 37.024582 
25.363750 37.024578 
25.363750 37.024860 
25.363470 37.024860 
25.363470 37.025139 
25.363750 37.025139 
25.363750 37.025700 
25.365139 37.025696 
25.365139 37.025970 
25.365690 37.025970 
25.365690 37.026249 
25.365971 37.026249 
25.365971 37.026810 
25.366806 37.026806 
25.366806 37.027084 
25.367916 37.027084 
25.367916 37.025970 
25.368469 37.025970 
25.368469 37.026249 
25.369301 37.026249 
25.369301 37.026531 
25.369579 37.026531 
25.369579 37.026810 
25.369862 37.026806 
25.369862 37.027084 
25.370138 37.027084 
25.370138 37.026527 
25.370972 37.026527 
25.370972 37.027363 
25.371250 37.027359 
25.371250 37.027641 
25.371531 37.027641 
25.371531 37.027920 
25.371805 37.027916 
25.371805 37.028194 
25.372080 37.028191 
25.372080 37.028751 
25.372360 37.028751 
25.372360 37.030418 
25.372084 37.030418 
25.372084 37.030693 
25.372637 37.030693 
25.372637 37.032082 
25.372917 37.032082 
25.372917 37.032360 
25.373194 37.032360 
25.373194 37.033474 
25.373470 37.033470 
25.373470 37.033749 
25.373751 37.033749 
25.373751 37.034031 
25.374027 37.034027 
25.374027 37.034584 
25.374306 37.034584 
25.374306 37.034863 
25.374584 37.034863 
25.374584 37.034584 
25.374859 37.034584 
25.374859 37.034863 
25.375420 37.034859 
25.375420 37.035141 
25.377083 37.035137 
25.377083 37.035973 
25.377359 37.035969 
25.377359 37.036251 
25.377640 37.036251 
25.377640 37.036530 
25.377916 37.036530 
25.377916 37.036804 
25.378189 37.036800 
25.378189 37.037361 
25.378750 37.037361 
25.378750 37.039028 
25.378469 37.039028 
25.378469 37.039589 
25.378189 37.039589 
25.378189 37.040421 
25.377916 37.040417 
25.377916 37.040974 
25.377359 37.040970 
25.377359 37.041531 
25.377083 37.041527 
25.377083 37.042084 
25.376806 37.042084 
25.376806 37.042362 
25.376249 37.042362 
25.376249 37.043194 
25.375969 37.043190 
25.375969 37.043751 
25.375694 37.043751 
25.375694 37.044304 
25.375416 37.044304 
25.375420 37.045139 
25.374859 37.045139 
25.374859 37.045700 
25.374580 37.045700 
25.374584 37.046249 
25.374311 37.046249 
25.374311 37.046532 
25.374027 37.046528 
25.374031 37.047359 
25.373751 37.047359 
25.373751 37.047920 
25.373472 37.047916 
25.373472 37.048473 
25.373190 37.048470 
25.373194 37.048752 
25.372917 37.048752 
25.372917 37.049305 
25.372360 37.049305 
25.372360 37.049583 
25.371805 37.049583 
25.371811 37.049862 
25.371250 37.049862 
25.371250 37.050140 
25.370970 37.050140 
25.370970 37.050419 
25.370419 37.050415 
25.370419 37.050694 
25.369862 37.050694 
25.369862 37.050972 
25.369301 37.050968 
25.369305 37.051250 
25.369028 37.051250 
25.369030 37.051529 
25.368469 37.051529 
25.368469 37.051811 
25.367916 37.051807 
25.367920 37.052361 
25.367081 37.052361 
25.367083 37.052639 
25.366529 37.052639 
25.366529 37.052921 
25.366249 37.052921 
25.366249 37.053200 
25.365971 37.053200 
25.365971 37.052921 
25.365690 37.052921 
25.365690 37.053200 
25.365417 37.053196 
25.365417 37.053471 
25.365139 37.053471 
25.365139 37.054585 
25.363470 37.054581 
25.363470 37.055420 
25.362362 37.055416 
25.362362 37.055695 
25.362083 37.055695 
25.362083 37.055973 
25.361252 37.055969 
25.361252 37.056252 
25.360968 37.056252 
25.360968 37.056530 
25.360695 37.056526 
25.360695 37.057083 
25.360416 37.057083 
25.360418 37.057362 
25.360138 37.057362 
25.360138 37.057919 
25.359861 37.057919 
25.359861 37.058193 
25.359579 37.058189 
25.359579 37.058472 
25.358471 37.058472 
25.358473 37.058750 
25.357916 37.058750 
25.357920 37.059029 
25.357639 37.059029 
25.357639 37.059582 
25.357916 37.059582 
25.357920 37.059860 
25.357361 37.059860 
25.357361 37.060139 
25.357080 37.060139 
25.357080 37.060421 
25.356810 37.060421 
25.356810 37.060699 
25.356251 37.060699 
25.356251 37.061249 
25.355970 37.061249 
25.355970 37.061531 
25.355694 37.061527 
25.355694 37.062084 
25.355417 37.062084 
25.355417 37.062363 
25.355141 37.062359 
25.355141 37.062641 
25.354860 37.062641 
25.354860 37.062920 
25.354303 37.062916 
25.354303 37.063194 
25.354029 37.063194 
25.354029 37.063473 
25.353750 37.063469 
25.353750 37.063751 
25.353470 37.063751 
25.353472 37.064026 
25.353195 37.064030 
25.353195 37.064304 
25.352917 37.064304 
25.352917 37.064861 
25.353195 37.064861 
25.353195 37.065140 
25.353750 37.065140 
25.353750 37.065418 
25.354303 37.065418 
25.354303 37.065693 
25.354580 37.065689 
25.354580 37.065971 
25.354860 37.065971 
25.354860 37.066250 
25.355417 37.066250 
25.355417 37.066528 
25.355690 37.066528 
25.355690 37.067360 
25.355970 37.067360 
25.355972 37.067638 
25.355419 37.067638 
25.355419 37.067921 
25.355141 37.067921 
25.355141 37.068199 
25.354860 37.068195 
25.354860 37.068474 
25.354580 37.068470 
25.354580 37.069031 
25.354309 37.069031 
25.354309 37.069309 
25.353472 37.069305 
25.353472 37.069862 
25.353201 37.069859 
25.353201 37.070419 
25.352917 37.070415 
25.352917 37.070972 
25.352360 37.070969 
25.352360 37.071529 
25.352081 37.071529 
25.352081 37.071804 
25.351805 37.071804 
25.351805 37.072083 
25.351528 37.072083 
25.351530 37.073471 
25.350969 37.073471 
25.350969 37.073750 
25.350693 37.073750 
25.350693 37.074032 
25.350416 37.074028 
25.350416 37.074585 
25.349859 37.074581 
25.349859 37.075420 
25.350416 37.075417 
25.350420 37.076248 
25.350140 37.076248 
25.350140 37.076530 
25.349859 37.076530 
25.349859 37.076809 
25.349583 37.076805 
25.349583 37.077084 
25.349306 37.077084 
25.349306 37.077362 
25.349028 37.077362 
25.349030 37.077641 
25.348749 37.077641 
25.348749 37.077919 
25.346251 37.077915 
25.346251 37.078194 
25.345694 37.078194 
25.345694 37.078472 
25.345137 37.078472 
25.345140 37.078751 
25.344860 37.078751 
25.344860 37.079029 
25.344584 37.079029 
25.344584 37.079304 
25.343195 37.079304 
25.343195 37.079029 
25.342915 37.079029 
25.342915 37.078751 
25.342638 37.078751 
25.342638 37.078472 
25.342083 37.078472 
25.342083 37.078194 
25.341806 37.078194 
25.341806 37.077362 
25.341528 37.077362 
25.341528 37.077084 
25.341249 37.077084 
25.341249 37.076805 
25.339861 37.076805 
25.339861 37.077084 
25.339306 37.077084 
25.339306 37.076805 
25.338751 37.076809 
25.338751 37.076370 
25.338751 37.076248 
25.338470 37.076248 
25.338470 37.076530 
25.338272 37.076527 
25.337917 37.076527 
25.337917 37.076649 
25.337919 37.076809 
25.337439 37.076805 
25.336250 37.076809 
25.336250 37.076530 
25.335423 37.076530 
25.335423 37.076248 
25.335138 37.076248 
25.335138 37.075695 
25.334583 37.075695 
25.334583 37.075974 
25.334297 37.075970 
25.334305 37.076248 
25.334028 37.076248 
25.334028 37.076530 
25.334305 37.076527 
25.334305 37.077084 
25.334862 37.077084 
25.334862 37.077362 
25.335138 37.077362 
25.335138 37.077641 
25.335423 37.077641 
25.335423 37.077919 
25.335695 37.077915 
25.335695 37.078472 
25.335972 37.078468 
25.335972 37.079029 
25.336527 37.079029 
25.336527 37.079304 
25.336805 37.079304 
25.336805 37.079582 
25.337080 37.079578 
25.337080 37.079861 
25.337360 37.079861 
25.337360 37.080139 
25.337641 37.080139 
25.337641 37.080700 
25.337917 37.080696 
25.337917 37.081249 
25.339310 37.081249 
25.339310 37.081532 
25.339581 37.081532 
25.339581 37.081810 
25.339861 37.081806 
25.339861 37.082085 
25.340973 37.082085 
25.340973 37.083473 
25.340696 37.083473 
25.340696 37.084305 
25.340416 37.084305 
25.340420 37.084862 
25.340139 37.084862 
25.340139 37.086529 
25.339861 37.086529 
25.339859 37.087353 
25.339581 37.087372 
25.339581 37.087639 
25.339861 37.087639 
25.339861 37.089584 
25.340139 37.089584 
25.340139 37.089863 
25.340420 37.089859 
25.340420 37.090141 
25.340969 37.090141 
25.340969 37.090420 
25.341249 37.090416 
25.341249 37.090694 
25.341528 37.090694 
25.341528 37.092083 
25.341806 37.092083 
25.341806 37.092361 
25.342915 37.092361 
25.342915 37.092640 
25.343470 37.092640 
25.343470 37.093750 
25.343750 37.093750 
25.343750 37.094028 
25.345140 37.094028 
25.345137 37.093750 
25.345417 37.093750 
25.345417 37.093472 
25.345694 37.093472 
25.345690 37.092640 
25.345970 37.092640 
25.345970 37.092361 
25.346251 37.092361 
25.346251 37.092079 
25.346806 37.092083 
25.346806 37.091805 
25.347361 37.091805 
25.347361 37.091526 
25.347641 37.091530 
25.347641 37.091251 
25.347919 37.091251 
25.347918 37.090973 
25.348194 37.090973 
25.348194 37.090694 
25.348749 37.090694 
25.348749 37.090416 
25.348469 37.090420 
25.348469 37.090141 
25.348749 37.090141 
25.348749 37.089859 
25.349028 37.089863 
25.349028 37.089584 
25.349583 37.089584 
25.349583 37.089306 
25.350420 37.089310 
25.350420 37.089031 
25.351801 37.089031 
25.351801 37.088749 
25.352640 37.088749 
25.352640 37.089031 
25.354860 37.089031 
25.354860 37.089310 
25.355417 37.089306 
25.355417 37.089584 
25.355972 37.089584 
25.355972 37.089306 
25.356806 37.089306 
25.356806 37.089584 
25.357082 37.089584 
25.357084 37.089306 
25.357639 37.089310 
25.357639 37.089031 
25.358191 37.089031 
25.358191 37.088749 
25.358471 37.088749 
25.358471 37.088470 
25.358749 37.088470 
25.358749 37.088200 
25.359030 37.088200 
25.359030 37.087639 
25.359306 37.087639 
25.359306 37.087360 
25.359583 37.087360 
25.359579 37.087078 
25.360687 37.087078 
25.360687 37.087360 
25.360968 37.087360 
25.360968 37.089031 
25.361252 37.089027 
25.361252 37.089584 
25.362638 37.089584 
25.362640 37.089031 
25.362352 37.089035 
25.362362 37.087921 
25.362082 37.087921 
25.362082 37.087639 
25.361801 37.087639 
25.361801 37.087078 
25.361528 37.087082 
25.361528 37.086807 
25.365419 37.086811 
25.365419 37.086529 
25.369579 37.086529 
25.369579 37.088200 
25.369860 37.088200 
25.369860 37.090141 
25.370420 37.090141 
25.370420 37.090420 
25.371250 37.090416 
25.371250 37.090694 
25.371529 37.090694 
25.371529 37.090973 
25.372360 37.090969 
25.372360 37.091251 
25.372637 37.091251 
25.372637 37.092083 
25.372917 37.092083 
25.372917 37.092640 
25.372637 37.092640 
25.372641 37.092918 
25.372360 37.092918 
25.372360 37.093193 
25.372080 37.093189 
25.372080 37.093472 
25.372360 37.093472 
25.372360 37.093750 
25.372637 37.093750 
25.372637 37.094028 
25.372917 37.094028 
25.372917 37.094582 
25.373190 37.094582 
25.373190 37.094860 
25.373751 37.094860 
25.373751 37.095139 
25.374031 37.095139 
25.374031 37.095421 
25.374311 37.095421 
25.374311 37.095699 
25.374580 37.095699 
25.374580 37.096249 
25.375139 37.096249 
25.375139 37.096809 
25.375416 37.096806 
25.375416 37.097084 
25.375139 37.097084 
25.375139 37.097363 
25.375416 37.097363 
25.375416 37.098194 
25.375139 37.098194 
25.375139 37.098473 
25.374859 37.098469 
25.374859 37.098751 
25.374580 37.098751 
25.374584 37.099030 
25.374027 37.099030 
25.374027 37.099304 
25.373751 37.099304 
25.373751 37.099583 
25.373470 37.099579 
25.373472 37.099861 
25.372917 37.099861 
25.372917 37.100140 
25.372641 37.100140 
25.372641 37.100422 
25.372360 37.100418 
25.372360 37.100693 
25.371805 37.100693 
25.371811 37.100971 
25.371250 37.100971 
25.371250 37.101528 
25.371811 37.101528 
25.371811 37.101810 
25.372641 37.101810 
25.372641 37.102089 
25.372917 37.102085 
25.372917 37.102360 
25.373190 37.102360 
25.373190 37.102638 
25.373751 37.102638 
25.373751 37.102921 
25.374031 37.102921 
25.374031 37.103199 
25.374580 37.103199 
25.374580 37.104309 
25.374306 37.104305 
25.374306 37.104584 
25.373751 37.104580 
25.373751 37.105141 
25.373470 37.105141 
25.373470 37.105419 
25.373194 37.105415 
25.373194 37.105694 
25.372637 37.105694 
25.372637 37.105972 
25.371805 37.105972 
25.371811 37.106251 
25.370970 37.106251 
25.370970 37.106529 
25.371250 37.106529 
25.371250 37.106804 
25.371529 37.106804 
25.371529 37.107082 
25.372637 37.107082 
25.372637 37.107361 
25.372917 37.107361 
25.372917 37.107639 
25.373190 37.107639 
25.373190 37.107922 
25.373751 37.107922 
25.373751 37.108471 
25.373470 37.108471 
25.373470 37.109032 
25.373194 37.109028 
25.373194 37.109585 
25.374027 37.109585 
25.374027 37.109306 
25.374311 37.109310 
25.374311 37.109032 
25.375969 37.109032 
25.375969 37.108749 
25.376249 37.108749 
25.376249 37.109032 
25.377083 37.109032 
25.377083 37.108749 
25.378469 37.108749 
25.378469 37.109032 
25.378750 37.109032 
25.378750 37.109310 
25.379028 37.109306 
25.379028 37.109585 
25.379299 37.109581 
25.379299 37.110142 
25.379580 37.110142 
25.379580 37.110420 
25.380138 37.110416 
25.380138 37.110695 
25.380972 37.110695 
25.380972 37.110973 
25.381527 37.110973 
25.381527 37.111252 
25.381809 37.111252 
25.381809 37.111530 
25.382084 37.111526 
25.382084 37.111805 
25.382639 37.111805 
25.382639 37.111526 
25.383194 37.111526 
25.383194 37.111805 
25.383472 37.111805 
25.383472 37.112083 
25.383751 37.112083 
25.383751 37.112362 
25.384026 37.112362 
25.384026 37.112640 
25.384581 37.112640 
25.384581 37.112919 
25.385695 37.112915 
25.385695 37.113194 
25.386528 37.113194 
25.386528 37.113750 
25.386250 37.113750 
25.386250 37.114029 
25.385973 37.114029 
25.385973 37.114582 
25.386528 37.114582 
25.386528 37.114861 
25.388195 37.114861 
25.388195 37.114582 
25.388472 37.114582 
25.388472 37.114307 
25.389305 37.114307 
25.389305 37.114861 
25.389580 37.114861 
25.389580 37.115139 
25.389860 37.115139 
25.389860 37.115421 
25.390139 37.115417 
25.390139 37.115971 
25.390690 37.115971 
25.390690 37.116249 
25.390970 37.116249 
25.390970 37.116531 
25.391251 37.116531 
25.391251 37.116249 
25.391809 37.116249 
25.391806 37.115971 
25.392080 37.115971 
25.392080 37.116249 
25.392639 37.116249 
25.392639 37.116531 
25.392920 37.116531 
25.392920 37.116810 
25.393190 37.116810 
25.393190 37.116531 
25.393471 37.116531 
25.393471 37.116810 
25.394028 37.116806 
25.394028 37.117363 
25.394306 37.117363 
25.394306 37.118752 
25.394859 37.118752 
25.394859 37.119030 
25.395140 37.119026 
25.395140 37.119305 
25.395695 37.119305 
25.395695 37.119583 
25.396528 37.119583 
25.396528 37.119862 
25.397079 37.119862 
25.397079 37.120140 
25.397362 37.120140 
25.397362 37.120693 
25.397919 37.120693 
25.397919 37.120972 
25.398195 37.120972 
25.398195 37.121250 
25.398470 37.121250 
25.398472 37.121529 
25.398197 37.121529 
25.398197 37.121811 
25.399305 37.121807 
25.399305 37.122082 
25.399580 37.122082 
25.399580 37.122360 
25.399860 37.122360 
25.399860 37.122639 
25.400141 37.122639 
25.400141 37.122921 
25.400421 37.122921 
25.400421 37.123199 
25.400690 37.123199 
25.400694 37.123470 
25.400970 37.123470 
25.400970 37.123749 
25.401529 37.123749 
25.401529 37.124031 
25.402079 37.124031 
25.402079 37.124310 
25.402359 37.124306 
25.402359 37.124584 
25.402639 37.124584 
25.402639 37.124863 
25.402920 37.124859 
25.402920 37.125141 
25.403749 37.125141 
25.403749 37.124859 
25.404028 37.124863 
25.404028 37.124584 
25.404581 37.124584 
25.404581 37.124863 
25.404860 37.124859 
25.404860 37.125141 
25.405140 37.125141 
25.405140 37.125420 
25.405695 37.125416 
25.405695 37.125694 
25.405972 37.125694 
25.405972 37.127083 
25.406250 37.127079 
25.406250 37.127640 
25.407080 37.127640 
25.407080 37.127918 
25.407639 37.127918 
25.407639 37.128471 
25.407917 37.128471 
25.407917 37.130138 
25.408190 37.130138 
25.408190 37.130421 
25.409031 37.130421 
25.409031 37.130699 
25.409307 37.130695 
25.409307 37.131248 
25.409861 37.131248 
25.409861 37.132641 
25.410419 37.132641 
25.410419 37.132919 
25.410139 37.132915 
25.410139 37.133194 
25.410416 37.133194 
25.410416 37.133751 
25.410690 37.133751 
25.410690 37.134029 
25.410973 37.134029 
25.410973 37.134304 
25.411249 37.134304 
25.411249 37.134583 
25.412359 37.134579 
25.412359 37.134861 
25.412640 37.134861 
25.412640 37.135422 
25.412916 37.135418 
25.412916 37.135693 
25.414028 37.135693 
25.414028 37.135418 
25.414583 37.135418 
25.414581 37.135696 
25.414577 37.135971 
25.414862 37.135971 
25.414862 37.136250 
25.417080 37.136250 
25.417080 37.137642 
25.417360 37.137642 
25.417360 37.137360 
25.417919 37.137360 
25.417917 37.137085 
25.419027 37.137085 
25.419027 37.136806 
25.419310 37.136810 
25.419308 37.136543 
25.419306 37.136250 
25.420420 37.136250 
25.420420 37.136532 
25.420971 37.136532 
25.420965 37.136833 
25.422083 37.136806 
25.422083 37.137085 
25.422327 37.137108 
25.422640 37.137135 
25.422640 37.137360 
25.422920 37.137360 
25.422918 37.137184 
25.422915 37.136806 
25.423471 37.136806 
25.423471 37.137085 
25.423750 37.137085 
25.423750 37.137333 
25.423750 37.137642 
25.424299 37.137642 
25.424322 37.137428 
25.424583 37.137360 
25.424582 37.137482 
25.424580 37.137642 
25.424860 37.137642 
25.424860 37.137920 
25.425140 37.137920 
25.425137 37.138195 
25.425808 37.138195 
25.428474 37.138180 
25.428473 37.137917 
25.429029 37.137920 
25.429029 37.137642 
25.430693 37.137642 
25.430693 37.137360 
25.430969 37.137360 
25.430969 37.137081 
25.431250 37.137085 
25.431250 37.136806 
25.431530 37.136810 
25.431530 37.136532 
25.433470 37.136532 
25.433470 37.136250 
25.434311 37.136250 
25.434303 37.135971 
25.434584 37.135971 
25.434580 37.135689 
25.435417 37.135693 
25.435417 37.135971 
25.435972 37.135971 
25.435970 37.135689 
25.437639 37.135689 
25.437639 37.136532 
25.437916 37.136528 
25.437916 37.137085 
25.439859 37.137081 
25.439859 37.137360 
25.440138 37.137360 
25.440138 37.137920 
25.439859 37.137920 
25.439859 37.138748 
25.440418 37.138748 
25.440418 37.139030 
25.440971 37.139027 
25.440971 37.140415 
25.441248 37.140415 
25.441248 37.140694 
25.441528 37.140694 
25.441528 37.140972 
25.443470 37.140972 
25.443470 37.140850 
25.443470 37.140694 
25.443750 37.140694 
25.443750 37.140415 
25.444309 37.140419 
25.444309 37.139580 
25.444584 37.139584 
25.444584 37.139027 
25.445141 37.139030 
25.445141 37.139309 
25.445419 37.139309 
25.445419 37.140419 
25.445694 37.140415 
25.445694 37.140972 
25.447361 37.140972 
25.447361 37.140694 
25.448473 37.140694 
25.448473 37.140415 
25.449862 37.140415 
25.449862 37.140694 
25.450138 37.140694 
25.450138 37.140972 
25.450418 37.140972 
25.450418 37.141251 
25.450695 37.141251 
25.450695 37.141804 
25.450972 37.141804 
25.450972 37.142082 
25.451250 37.142078 
25.451250 37.142361 
25.451805 37.142361 
25.451805 37.142639 
25.452080 37.142639 
25.452080 37.142921 
25.452360 37.142921 
25.452360 37.143200 
25.453190 37.143200 
25.453190 37.143749 
25.454306 37.143749 
25.454306 37.144585 
25.454580 37.144581 
25.454580 37.145142 
25.454859 37.145142 
25.454859 37.145420 
25.455416 37.145416 
25.455418 37.145695 
25.455694 37.145695 
25.455694 37.145973 
25.456249 37.145969 
25.456249 37.146252 
25.457083 37.146252 
25.457083 37.146530 
25.457640 37.146526 
25.457640 37.146805 
25.457916 37.146805 
25.457916 37.147640 
25.458195 37.147640 
25.458195 37.147915 
25.458750 37.147915 
25.458750 37.148193 
25.459028 37.148193 
25.459028 37.148472 
25.459299 37.148472 
25.459299 37.148750 
25.459579 37.148750 
25.459579 37.149029 
25.460421 37.149029 
25.460421 37.149311 
25.460693 37.149307 
25.460693 37.149582 
25.460970 37.149578 
25.460970 37.149860 
25.461250 37.149860 
25.461250 37.149311 
25.461531 37.149311 
25.461531 37.149029 
25.462080 37.149029 
25.462084 37.149860 
25.461809 37.149860 
25.461809 37.150700 
25.462917 37.150696 
25.462917 37.150970 
25.463190 37.150970 
25.463190 37.151531 
25.463470 37.151531 
25.463470 37.151810 
25.463751 37.151806 
25.463751 37.152084 
25.464306 37.152084 
25.464306 37.152363 
25.464029 37.152359 
25.464029 37.152920 
25.464861 37.152916 
25.464861 37.153194 
25.465139 37.153194 
25.465139 37.153473 
25.465420 37.153469 
25.465420 37.154030 
25.465973 37.154026 
25.465973 37.154583 
25.466249 37.154579 
25.466249 37.154861 
25.466528 37.154861 
25.466528 37.155140 
25.466806 37.155140 
25.466806 37.155693 
25.467638 37.155693 
25.467638 37.155972 
25.468191 37.155972 
25.468191 37.156250 
25.468472 37.156250 
25.468472 37.156528 
25.468752 37.156528 
25.468752 37.156250 
25.469580 37.156250 
25.469580 37.156811 
25.469305 37.156807 
25.469305 37.157360 
25.469028 37.157360 
25.469028 37.157639 
25.469305 37.157639 
25.469305 37.158474 
25.469028 37.158474 
25.469032 37.158749 
25.468752 37.158749 
25.468752 37.159031 
25.468472 37.159031 
25.468472 37.159309 
25.467361 37.159306 
25.467361 37.159584 
25.467077 37.159580 
25.467077 37.160141 
25.466249 37.160141 
25.466249 37.160419 
25.467638 37.160416 
25.467638 37.160694 
25.468472 37.160694 
25.468472 37.160973 
25.469860 37.160969 
25.469860 37.161251 
25.470417 37.161251 
25.470417 37.161530 
25.470694 37.161530 
25.470694 37.161804 
25.471251 37.161804 
25.471251 37.162083 
25.471806 37.162083 
25.471806 37.162361 
25.472080 37.162361 
25.472080 37.162640 
25.472639 37.162640 
25.472639 37.162922 
25.472918 37.162918 
25.472918 37.163193 
25.473473 37.163193 
25.473473 37.162918 
25.474306 37.162918 
25.474306 37.163193 
25.474581 37.163189 
25.474581 37.163471 
25.475416 37.163471 
25.475416 37.164028 
25.475969 37.164028 
25.475969 37.164860 
25.475691 37.164860 
25.475695 37.165138 
25.475420 37.165138 
25.475420 37.165421 
25.475140 37.165421 
25.475140 37.165699 
25.474581 37.165699 
25.474581 37.166248 
25.474859 37.166248 
25.474859 37.166531 
25.475140 37.166527 
25.475140 37.167084 
25.475416 37.167084 
25.475416 37.167362 
25.475691 37.167358 
25.475691 37.167641 
25.476250 37.167641 
25.476250 37.167919 
25.476528 37.167915 
25.476528 37.168194 
25.476805 37.168194 
25.476805 37.168472 
25.477079 37.168468 
25.477079 37.169029 
25.477919 37.169029 
25.477921 37.169861 
25.477079 37.169861 
25.477079 37.170139 
25.477360 37.170139 
25.477360 37.170700 
25.477638 37.170696 
25.477638 37.171249 
25.477921 37.171249 
25.477921 37.171810 
25.478195 37.171806 
25.478195 37.172085 
25.477921 37.172081 
25.477921 37.172642 
25.478750 37.172642 
25.478750 37.172920 
25.479027 37.172916 
25.479027 37.173195 
25.479305 37.173195 
25.479305 37.172916 
25.480417 37.172916 
25.480417 37.173195 
25.480694 37.173195 
25.480694 37.172916 
25.480970 37.172920 
25.480970 37.172642 
25.481810 37.172642 
25.481810 37.172920 
25.481527 37.172916 
25.481527 37.173473 
25.481251 37.173470 
25.481251 37.174030 
25.480694 37.174026 
25.480694 37.174305 
25.480141 37.174305 
25.480141 37.174583 
25.479860 37.174580 
25.479860 37.175419 
25.479584 37.175415 
25.479584 37.175694 
25.479860 37.175694 
25.479860 37.175972 
25.480141 37.175972 
25.480141 37.176529 
25.480417 37.176529 
25.480417 37.177639 
25.480690 37.177639 
25.480690 37.177921 
25.481529 37.177921 
25.481529 37.178200 
25.482359 37.178200 
25.482359 37.178471 
25.482639 37.178471 
25.482639 37.178749 
25.482920 37.178749 
25.482920 37.179031 
25.483192 37.179031 
25.483189 37.179863 
25.483749 37.179859 
25.483749 37.180141 
25.484030 37.180141 
25.484030 37.180420 
25.484137 37.180420 
25.484306 37.180416 
25.484306 37.180973 
25.484579 37.180969 
25.484579 37.181252 
25.484861 37.181252 
25.484861 37.181805 
25.485416 37.181805 
25.485416 37.182083 
25.485689 37.182079 
25.485689 37.182640 
25.486805 37.182640 
25.486799 37.182911 
25.487085 37.182919 
25.487085 37.183193 
25.487360 37.183189 
25.487360 37.183472 
25.487638 37.183472 
25.487638 37.183750 
25.488194 37.183750 
25.488190 37.183472 
25.488470 37.183472 
25.488470 37.183189 
25.488922 37.183189 
25.489861 37.183193 
25.489861 37.183735 
25.489861 37.184029 
25.489580 37.184029 
25.489580 37.184582 
25.490416 37.184582 
25.490416 37.184860 
25.490690 37.184860 
25.490690 37.185139 
25.491529 37.185139 
25.491529 37.185421 
25.492081 37.185421 
25.492081 37.185699 
25.492359 37.185699 
25.492359 37.185421 
25.492640 37.185421 
25.492640 37.185699 
25.492916 37.185696 
25.492916 37.185974 
25.492359 37.185970 
25.492359 37.186249 
25.492083 37.186249 
25.492083 37.187363 
25.492640 37.187359 
25.492640 37.187641 
25.492920 37.187641 
25.492920 37.187920 
25.493195 37.187916 
25.493195 37.188194 
25.493473 37.188194 
25.493473 37.188473 
25.493748 37.188469 
25.493748 37.188751 
25.494862 37.188751 
25.494862 37.189030 
25.495138 37.189026 
25.495138 37.189583 
25.495417 37.189583 
25.495417 37.189304 
25.495972 37.189304 
25.495972 37.189583 
25.496529 37.189583 
25.496529 37.189861 
25.497639 37.189861 
25.497639 37.190140 
25.498470 37.190140 
25.498470 37.190418 
25.500690 37.190418 
25.500690 37.190140 
25.500971 37.190140 
25.500971 37.189861 
25.501249 37.189861 
25.501249 37.190140 
25.501806 37.190140 
25.501806 37.190418 
25.502083 37.190418 
25.502083 37.190693 
25.502359 37.190689 
25.502359 37.191250 
25.502640 37.191250 
25.502640 37.191528 
25.503189 37.191528 
25.503189 37.192081 
25.503469 37.192081 
25.503469 37.192360 
25.503189 37.192360 
25.503189 37.192638 
25.503469 37.192638 
25.503469 37.192921 
25.504580 37.192921 
25.504580 37.192638 
25.504860 37.192638 
25.504860 37.192921 
25.505697 37.192921 
25.505697 37.193199 
25.505972 37.193195 
25.505972 37.193474 
25.507360 37.193470 
25.507360 37.193748 
25.507921 37.193748 
25.507921 37.194031 
25.508469 37.194031 
25.508469 37.194309 
25.508749 37.194305 
25.508749 37.194584 
25.509306 37.194584 
25.509306 37.194862 
25.510139 37.194859 
25.510139 37.195141 
25.510973 37.195137 
25.510973 37.195694 
25.511250 37.195694 
25.511250 37.194862 
25.511528 37.194862 
25.511528 37.194584 
25.511810 37.194580 
25.511810 37.195419 
25.513470 37.195419 
25.513470 37.195141 
25.513750 37.195141 
25.513750 37.194580 
25.514303 37.194584 
25.514303 37.194305 
25.515141 37.194309 
25.515141 37.194031 
25.515421 37.194031 
25.515421 37.194309 
25.515972 37.194305 
25.515972 37.194584 
25.517084 37.194584 
25.517084 37.194862 
25.517361 37.194859 
25.517361 37.195141 
25.517639 37.195137 
25.517639 37.195694 
25.517916 37.195694 
25.517916 37.195972 
25.519030 37.195972 
25.519030 37.196251 
25.519306 37.196251 
25.519306 37.196529 
25.519861 37.196529 
25.519861 37.196804 
25.520138 37.196804 
25.520138 37.197083 
25.520416 37.197083 
25.520416 37.197361 
25.520967 37.197361 
25.520967 37.197639 
25.521532 37.197639 
25.521532 37.197922 
25.522081 37.197922 
25.522081 37.198471 
25.522362 37.198471 
25.522362 37.198750 
25.522642 37.198750 
25.522642 37.199032 
25.522921 37.199032 
25.522921 37.199310 
25.523750 37.199306 
25.523750 37.199585 
25.524580 37.199581 
25.524580 37.200142 
25.524860 37.200142 
25.524860 37.200420 
25.525417 37.200417 
25.525417 37.200974 
25.525694 37.200974 
25.525694 37.200695 
25.527081 37.200699 
25.527081 37.200420 
25.527920 37.200420 
25.527920 37.200699 
25.528191 37.200699 
25.528191 37.201248 
25.528749 37.201248 
25.528749 37.201530 
25.529310 37.201530 
25.529310 37.201809 
25.529861 37.201805 
25.529861 37.202084 
25.530695 37.202084 
25.530695 37.202362 
25.530418 37.202362 
25.530418 37.202641 
25.531530 37.202641 
25.531530 37.202919 
25.532084 37.202915 
25.532084 37.203194 
25.533194 37.203194 
25.533194 37.203472 
25.534859 37.203472 
25.534859 37.203194 
25.535139 37.203194 
25.535139 37.203472 
25.537083 37.203472 
25.537083 37.203194 
25.537363 37.203194 
25.537363 37.202915 
25.538191 37.202919 
25.538191 37.202641 
25.539030 37.202641 
25.539028 37.202362 
25.539305 37.202362 
25.539305 37.201805 
25.539030 37.201809 
25.539030 37.201248 
25.538750 37.201248 
25.538750 37.200970 
25.538471 37.200974 
25.538471 37.200417 
25.538191 37.200420 
25.538191 37.199860 
25.538750 37.199860 
25.538750 37.199581 
25.540695 37.199585 
25.540695 37.199860 
25.540970 37.199860 
25.540970 37.200142 
25.542080 37.200142 
25.542080 37.200420 
25.542919 37.200420 
25.542919 37.200142 
25.543190 37.200142 
25.543190 37.199581 
25.543751 37.199585 
25.543751 37.199306 
25.543470 37.199310 
25.543470 37.198471 
25.544310 37.198471 
25.544306 37.198193 
25.544582 37.198193 
25.544584 37.197918 
25.544861 37.197922 
25.544861 37.197639 
25.545139 37.197639 
25.545139 37.197361 
25.545420 37.197361 
25.545416 37.197083 
25.545973 37.197083 
25.545973 37.195972 
25.545694 37.195972 
25.545694 37.195694 
25.545973 37.195694 
25.545973 37.195415 
25.546249 37.195419 
25.546249 37.194859 
25.545973 37.194862 
25.545973 37.194584 
25.545694 37.194584 
25.545694 37.194027 
25.546530 37.194031 
25.546530 37.194309 
25.546808 37.194309 
25.546808 37.193199 
25.547077 37.193199 
25.547077 37.192360 
25.546806 37.192360 
25.546806 37.192085 
25.546530 37.192081 
25.546530 37.191807 
25.545971 37.191811 
25.545971 37.192081 
25.545691 37.192081 
25.545691 37.191528 
25.545416 37.191528 
25.545416 37.190971 
25.545139 37.190971 
25.545139 37.190418 
25.544861 37.190418 
25.544861 37.189861 
25.545139 37.189861 
25.545139 37.190140 
25.545691 37.190140 
25.545691 37.189861 
25.546530 37.189861 
25.546530 37.189583 
25.547361 37.189583 
25.547361 37.189304 
25.547083 37.189304 
25.547083 37.188751 
25.547358 37.188751 
25.547358 37.188469 
25.547638 37.188469 
25.547638 37.188751 
25.547918 37.188751 
25.547916 37.188194 
25.548195 37.188194 
25.548195 37.187637 
25.549032 37.187641 
25.549032 37.187359 
25.549305 37.187363 
25.549305 37.185974 
25.549028 37.185974 
25.549028 37.185696 
25.549301 37.185699 
25.549301 37.184860 
25.549028 37.184860 
25.549028 37.184582 
25.548752 37.184582 
25.548752 37.185139 
25.548471 37.185139 
25.548471 37.184311 
25.547918 37.184311 
25.547918 37.183472 
25.548195 37.183472 
25.548187 37.182640 
25.549583 37.182640 
25.549582 37.182911 
25.549860 37.182919 
25.549860 37.183472 
25.551531 37.183472 
25.551527 37.183193 
25.552639 37.183193 
25.552639 37.182919 
25.552917 37.182915 
25.552917 37.182640 
25.553192 37.182640 
25.553192 37.182915 
25.553473 37.182915 
25.553473 37.182362 
25.553749 37.182362 
25.553749 37.182079 
25.553473 37.182083 
25.553473 37.181805 
25.551805 37.181805 
25.551805 37.181526 
25.551250 37.181530 
25.551250 37.180969 
25.551805 37.180973 
25.551805 37.180416 
25.552080 37.180420 
25.552080 37.180141 
25.552361 37.180141 
25.552361 37.179859 
25.552639 37.179863 
25.552639 37.179585 
25.553749 37.179585 
25.553749 37.179306 
25.554310 37.179310 
25.554310 37.179031 
25.555140 37.179031 
25.555140 37.178749 
25.555691 37.178749 
25.555691 37.179310 
25.555973 37.179306 
25.555973 37.179585 
25.556528 37.179585 
25.556528 37.179863 
25.556801 37.179859 
25.556801 37.180420 
25.557362 37.180416 
25.557362 37.180695 
25.557638 37.180695 
25.557638 37.180973 
25.557919 37.180973 
25.557919 37.181252 
25.558201 37.181252 
25.558201 37.181530 
25.558472 37.181526 
25.558472 37.181805 
25.559305 37.181805 
25.559305 37.181526 
25.559860 37.181526 
25.559860 37.181805 
25.560417 37.181805 
25.560417 37.181526 
25.560690 37.181530 
25.560690 37.181252 
25.561251 37.181252 
25.561251 37.180969 
25.561527 37.180973 
25.561527 37.180695 
25.561806 37.180695 
25.561806 37.179863 
25.562359 37.179859 
25.562359 37.180141 
25.562639 37.180141 
25.562639 37.178749 
25.562078 37.178749 
25.562078 37.177639 
25.561806 37.177639 
25.561806 37.177082 
25.561527 37.177082 
25.561527 37.175972 
25.561806 37.175972 
25.561806 37.175694 
25.562084 37.175694 
25.562084 37.175140 
25.562359 37.175140 
25.562359 37.174858 
25.562916 37.174862 
25.562916 37.175140 
25.563194 37.175140 
25.563192 37.174580 
25.563473 37.174583 
25.563473 37.174026 
25.563749 37.174030 
25.563749 37.173470 
25.564028 37.173473 
25.564028 37.172638 
25.564310 37.172642 
25.564310 37.171249 
25.565140 37.171249 
25.565140 37.170700 
25.565969 37.170700 
25.565969 37.170971 
25.566530 37.170971 
25.566528 37.170696 
25.567080 37.170700 
25.567080 37.170139 
25.569309 37.170139 
25.569307 37.169861 
25.569580 37.169861 
25.569580 37.170139 
25.569860 37.170139 
25.569860 37.170971 
25.570139 37.170971 
25.570139 37.171249 
25.571251 37.171249 
25.571251 37.170971 
25.571529 37.170971 
25.571526 37.170696 
25.571810 37.170700 
25.571810 37.170422 
25.572081 37.170422 
25.572081 37.169861 
25.572359 37.169861 
25.572359 37.169579 
25.572639 37.169582 
25.572639 37.169029 
25.572920 37.169029 
25.572916 37.168751 
25.573195 37.168751 
25.573191 37.167358 
25.572639 37.167362 
25.572639 37.167084 
25.573195 37.167084 
25.573195 37.166805 
25.574301 37.166809 
25.574301 37.165970 
25.574028 37.165974 
25.574028 37.165417 
25.573469 37.165421 
25.573469 37.163750 
25.574028 37.163750 
25.574028 37.164028 
25.574577 37.164028 
25.574577 37.164589 
25.575417 37.164585 
25.575417 37.164860 
25.575972 37.164860 
25.575972 37.164589 
25.576530 37.164589 
25.576530 37.163750 
25.576805 37.163750 
25.576805 37.163193 
25.577084 37.163193 
25.577084 37.162640 
25.577360 37.162640 
25.577360 37.162361 
25.577641 37.162361 
25.577639 37.161530 
25.577917 37.161530 
25.577917 37.160973 
25.578194 37.160973 
25.578194 37.159863 
25.578474 37.159863 
25.578474 37.159306 
25.578751 37.159309 
25.578751 37.159031 
25.578470 37.159031 
25.578470 37.158199 
25.578751 37.158199 
25.578751 37.157921 
25.578470 37.157921 
25.578470 37.157639 
25.578190 37.157639 
25.578190 37.156811 
25.577921 37.156811 
25.577921 37.156250 
25.577639 37.156250 
25.577639 37.155418 
25.577917 37.155418 
25.577917 37.155140 
25.578194 37.155140 
25.578190 37.154579 
25.578474 37.154583 
25.578474 37.154305 
25.579027 37.154305 
25.579027 37.154583 
25.580692 37.154583 
25.580692 37.154305 
25.580973 37.154305 
25.580973 37.154026 
25.581249 37.154030 
25.581249 37.153751 
25.581530 37.153751 
25.581528 37.152363 
25.582083 37.152363 
25.582083 37.152084 
25.582361 37.152084 
25.582361 37.151806 
25.582640 37.151810 
25.582640 37.151531 
25.582920 37.151531 
25.582920 37.151249 
25.583195 37.151249 
25.583191 37.150700 
25.583750 37.150700 
25.583750 37.150970 
25.584299 37.150970 
25.584299 37.150700 
25.584579 37.150700 
25.584579 37.150139 
25.585140 37.150139 
25.585138 37.149860 
25.585417 37.149860 
25.585417 37.149582 
25.585695 37.149582 
25.585695 37.149029 
25.585972 37.149029 
25.585970 37.148750 
25.586250 37.148750 
25.586250 37.148472 
25.585970 37.148472 
25.585970 37.147640 
25.585417 37.147640 
25.585417 37.147083 
25.585972 37.147083 
25.585972 37.146805 
25.586250 37.146805 
25.586250 37.147083 
25.587084 37.147083 
25.587084 37.146526 
25.587360 37.146530 
25.587360 37.145969 
25.588194 37.145973 
25.588194 37.144028 
25.588469 37.144032 
25.588469 37.143749 
25.588190 37.143749 
25.588190 37.143471 
25.587641 37.143471 
25.587641 37.143749 
25.587360 37.143749 
25.587360 37.143471 
25.587080 37.143471 
25.587080 37.142361 
25.586805 37.142361 
25.586805 37.141251 
25.586527 37.141251 
25.586527 37.139862 
25.586805 37.139862 
25.586805 37.139027 
25.586531 37.139030 
25.586531 37.138470 
25.586250 37.138474 
25.586250 37.137917 
25.587641 37.137920 
25.587641 37.138199 
25.587917 37.138195 
25.587917 37.138474 
25.588190 37.138470 
25.588190 37.138748 
25.588469 37.138748 
25.588469 37.139030 
25.589029 37.139030 
25.589029 37.138748 
25.591806 37.138748 
25.591806 37.137917 
25.592079 37.137920 
25.592079 37.137642 
25.592360 37.137642 
25.592360 37.137081 
25.592638 37.137085 
25.592638 37.136250 
25.592079 37.136250 
25.592079 37.135971 
25.591806 37.135971 
25.591806 37.135693 
25.591528 37.135693 
25.591528 37.134861 
25.591806 37.134861 
25.591806 37.134583 
25.591528 37.134583 
25.591528 37.134029 
25.592638 37.134029 
25.592638 37.133472 
25.592081 37.133472 
25.592081 37.132637 
25.592360 37.132641 
25.592360 37.127918 
25.592079 37.127918 
25.592079 37.127361 
25.591806 37.127361 
25.591806 37.127083 
25.591528 37.127083 
25.591528 37.126530 
25.591249 37.126530 
25.591249 37.125969 
25.591806 37.125973 
25.591806 37.126251 
25.592079 37.126251 
25.592079 37.126530 
25.592361 37.126526 
25.592361 37.126804 
25.593750 37.126804 
25.593750 37.126251 
25.594580 37.126251 
25.594580 37.125969 
25.594862 37.125973 
25.594862 37.125694 
25.595417 37.125694 
25.595417 37.125137 
25.595690 37.125141 
25.595690 37.124580 
25.596251 37.124584 
25.596251 37.124027 
25.596531 37.124031 
25.596531 37.122921 
25.596809 37.122921 
25.596809 37.123199 
25.597080 37.123199 
25.597080 37.122639 
25.596807 37.122639 
25.596807 37.122082 
25.596527 37.122082 
25.596527 37.121807 
25.596251 37.121811 
25.596251 37.121529 
25.595970 37.121529 
25.595970 37.121250 
25.595690 37.121250 
25.595690 37.120972 
25.595417 37.120972 
25.595417 37.120419 
25.595139 37.120419 
25.595139 37.120140 
25.594860 37.120140 
25.594860 37.119301 
25.594584 37.119305 
25.594584 37.118752 
25.594860 37.118752 
25.594860 37.118469 
25.595694 37.118473 
25.595694 37.118195 
25.595972 37.118195 
25.595972 37.118473 
25.596807 37.118473 
25.596807 37.118752 
25.597080 37.118752 
25.597080 37.119030 
25.597361 37.119030 
25.597361 37.118752 
25.597639 37.118752 
25.597639 37.118469 
25.597916 37.118473 
25.597916 37.118195 
25.598194 37.118195 
25.598194 37.117916 
25.598749 37.117920 
25.598749 37.117641 
25.599030 37.117641 
25.599030 37.117081 
25.599306 37.117085 
25.599306 37.116249 
25.599861 37.116249 
25.599859 37.115139 
25.599581 37.115139 
25.599581 37.114861 
25.599306 37.114861 
25.599306 37.114582 
25.599030 37.114582 
25.599030 37.114307 
25.598190 37.114311 
25.598190 37.114029 
25.597916 37.114029 
25.597916 37.113472 
25.597639 37.113472 
25.597639 37.113194 
25.597361 37.113194 
25.597361 37.112083 
25.597639 37.112083 
25.597639 37.111805 
25.597916 37.111805 
25.597916 37.111526 
25.598749 37.111530 
25.598749 37.110691 
25.599030 37.110695 
25.599030 37.109585 
25.598749 37.109585 
25.598749 37.108749 
25.598471 37.108749 
25.598471 37.107922 
25.597919 37.107922 
25.597919 37.107079 
25.597639 37.107082 
25.597639 37.106804 
25.597361 37.106804 
25.597361 37.106251 
25.597080 37.106251 
25.597080 37.105968 
25.596807 37.105972 
25.596807 37.105694 
25.596251 37.105694 
25.596251 37.105415 
25.595970 37.105419 
25.595970 37.105141 
25.595690 37.105141 
25.595690 37.104858 
25.595417 37.104862 
25.595417 37.104584 
25.595694 37.104584 
25.595694 37.104305 
25.595421 37.104309 
25.595421 37.104031 
25.594580 37.104031 
25.594580 37.103748 
25.594860 37.103748 
25.594860 37.102921 
25.593750 37.102921 
25.593750 37.102638 
25.593189 37.102638 
25.593189 37.102360 
25.592916 37.102360 
25.592916 37.102085 
25.593189 37.102089 
25.593189 37.100971 
25.592916 37.100971 
25.592916 37.100418 
25.592260 37.100422 
25.591810 37.100422 
25.591810 37.100140 
25.591528 37.100140 
25.591528 37.099861 
25.591249 37.099861 
25.591249 37.099579 
25.590694 37.099583 
25.590694 37.097363 
25.591249 37.097363 
25.591249 37.097084 
25.591528 37.097084 
25.591528 37.095974 
25.591806 37.095974 
25.591806 37.095139 
25.592081 37.095139 
25.592079 37.094311 
25.592360 37.094311 
25.592360 37.093750 
25.592640 37.093750 
25.592638 37.093193 
25.592361 37.093193 
25.592361 37.092361 
25.592079 37.092361 
25.592079 37.092079 
25.591806 37.092083 
25.591806 37.091805 
25.591528 37.091805 
25.591528 37.091526 
25.591810 37.091530 
25.591810 37.090969 
25.592360 37.090969 
25.592360 37.091251 
25.592920 37.091251 
25.592920 37.091530 
25.593189 37.091530 
25.593189 37.091251 
25.593470 37.091251 
25.593470 37.090691 
25.592916 37.090694 
25.592916 37.090137 
25.592640 37.090141 
25.592640 37.089859 
25.592361 37.089863 
25.592361 37.089584 
25.592081 37.089584 
25.592081 37.089027 
25.591530 37.089031 
25.591530 37.088749 
25.591806 37.088749 
25.591806 37.088196 
25.592360 37.088200 
25.592360 37.087921 
25.592640 37.087921 
25.592640 37.087639 
25.592916 37.087639 
25.592916 37.087360 
25.593195 37.087360 
25.593189 37.086811 
25.595694 37.086807 
25.595694 37.087082 
25.595972 37.087082 
25.595972 37.086529 
25.596251 37.086529 
25.596251 37.086811 
25.596531 37.086811 
25.596531 37.086529 
25.598473 37.086529 
25.598471 37.085690 
25.598749 37.085693 
25.598749 37.085140 
25.598471 37.085140 
25.598471 37.084862 
25.598749 37.084862 
25.598749 37.084301 
25.599581 37.084301 
25.599581 37.084862 
25.600416 37.084862 
25.600416 37.085415 
25.602083 37.085415 
25.602083 37.085693 
25.602362 37.085693 
25.602362 37.085415 
25.602577 37.085415 
25.604305 37.085415 
25.604305 37.085693 
25.604860 37.085690 
25.604860 37.086250 
25.605970 37.086250 
25.605970 37.085972 
25.606251 37.085972 
25.606251 37.086250 
25.606810 37.086250 
25.606806 37.085415 
25.606251 37.085415 
25.606251 37.084305 
25.605694 37.084305 
25.605694 37.084026 
25.605141 37.084030 
25.605141 37.083752 
25.604860 37.083752 
25.604860 37.083469 
25.604584 37.083473 
25.604584 37.083195 
25.604860 37.083195 
25.604860 37.082916 
25.605419 37.082920 
25.605419 37.082359 
25.605139 37.082359 
25.605139 37.081806 
25.604860 37.081810 
25.604860 37.081532 
25.604580 37.081532 
25.604580 37.081249 
25.603470 37.081249 
25.603470 37.081532 
25.603201 37.081532 
25.603201 37.081810 
25.602917 37.081806 
25.602917 37.082085 
25.602362 37.082085 
25.602362 37.081806 
25.602081 37.081810 
25.602081 37.080700 
25.601532 37.080700 
25.601532 37.080139 
25.600967 37.080139 
25.600967 37.079861 
25.600416 37.079861 
25.600418 37.080139 
25.600138 37.080139 
25.600138 37.080421 
25.599030 37.080421 
25.599030 37.080139 
25.598749 37.080139 
25.598749 37.079861 
25.598190 37.079861 
25.598194 37.080139 
25.597919 37.080139 
25.597919 37.080421 
25.596809 37.080421 
25.596809 37.080139 
25.596251 37.080139 
25.596251 37.079578 
25.595972 37.079582 
25.595972 37.079304 
25.595694 37.079304 
25.595694 37.079029 
25.595417 37.079029 
25.595417 37.078751 
25.595139 37.078751 
25.595139 37.078472 
25.594303 37.078472 
25.594303 37.079029 
25.592638 37.079029 
25.592638 37.079304 
25.592361 37.079304 
25.592361 37.079582 
25.592081 37.079582 
25.592081 37.079304 
25.591249 37.079304 
25.591249 37.079029 
25.590969 37.079029 
25.590969 37.078751 
25.590416 37.078751 
25.590416 37.079582 
25.589863 37.079582 
25.589863 37.079304 
25.589306 37.079304 
25.589306 37.078194 
25.589027 37.078194 
25.589027 37.077915 
25.588469 37.077919 
25.588469 37.077641 
25.587917 37.077641 
25.587917 37.077362 
25.586527 37.077362 
25.586527 37.075974 
25.586805 37.075974 
25.586805 37.074860 
25.586527 37.074860 
25.586527 37.074585 
25.585970 37.074581 
25.585970 37.075142 
25.585421 37.075142 
25.585421 37.074860 
25.585138 37.074860 
25.585138 37.074306 
25.584860 37.074310 
25.584860 37.074032 
25.585140 37.074032 
25.585140 37.073750 
25.585497 37.073750 
25.585970 37.073750 
25.585970 37.074032 
25.586811 37.074028 
25.586805 37.073750 
25.587084 37.073750 
25.587080 37.072922 
25.586531 37.072922 
25.586531 37.072639 
25.585695 37.072639 
25.585695 37.071804 
25.586527 37.071804 
25.586527 37.072083 
25.587080 37.072079 
25.587080 37.072361 
25.587921 37.072361 
25.587917 37.071804 
25.587641 37.071804 
25.587641 37.071529 
25.587360 37.071529 
25.587360 37.070969 
25.587084 37.070972 
25.587084 37.070694 
25.586805 37.070694 
25.586805 37.070415 
25.586250 37.070419 
25.586250 37.070141 
25.587080 37.070141 
25.587080 37.069859 
25.587360 37.069862 
25.587360 37.069584 
25.587917 37.069584 
25.587917 37.069305 
25.588469 37.069309 
25.588469 37.069031 
25.588749 37.069031 
25.588749 37.068470 
25.589027 37.068474 
25.589027 37.067638 
25.588749 37.067638 
25.588749 37.067360 
25.588190 37.067360 
25.588190 37.067921 
25.587360 37.067921 
25.587360 37.067638 
25.586805 37.067638 
25.586805 37.067360 
25.586250 37.067360 
25.586250 37.067089 
25.585970 37.067081 
25.585970 37.066811 
25.585697 37.066811 
25.585697 37.066528 
25.585417 37.066528 
25.585417 37.065418 
25.585972 37.065418 
25.585970 37.064861 
25.585695 37.064861 
25.585695 37.064583 
25.585417 37.064583 
25.585417 37.063751 
25.585138 37.063751 
25.585138 37.062916 
25.584860 37.062920 
25.584860 37.061810 
25.584579 37.061810 
25.584579 37.061249 
25.584299 37.061249 
25.584299 37.060970 
25.584583 37.060970 
25.584579 37.059311 
25.584030 37.059311 
25.584030 37.059029 
25.583750 37.059029 
25.583750 37.057640 
25.583469 37.057640 
25.583469 37.057079 
25.582914 37.057083 
25.582914 37.056526 
25.582640 37.056530 
25.582640 37.056252 
25.582081 37.056252 
25.582081 37.055969 
25.581806 37.055973 
25.581806 37.055416 
25.582081 37.055420 
25.582081 37.054581 
25.582640 37.054585 
25.582640 37.054028 
25.583191 37.054031 
25.583191 37.053749 
25.583469 37.053749 
25.583469 37.053200 
25.583191 37.053200 
25.583191 37.052921 
25.583469 37.052921 
25.583469 37.052361 
25.583750 37.052361 
25.583750 37.051811 
25.584030 37.051811 
25.584030 37.051529 
25.583750 37.051529 
25.583750 37.051250 
25.583469 37.051250 
25.583469 37.050690 
25.582914 37.050694 
25.582914 37.050140 
25.583195 37.050140 
25.583191 37.049301 
25.583471 37.049305 
25.583471 37.048752 
25.583191 37.048752 
25.583191 37.048470 
25.582914 37.048473 
25.582914 37.048195 
25.582640 37.048195 
25.582640 37.047638 
25.582359 37.047642 
25.582359 37.044029 
25.582081 37.044029 
25.582081 37.043751 
25.582359 37.043751 
25.582359 37.043190 
25.582083 37.043194 
25.582083 37.041805 
25.581810 37.041809 
25.581810 37.041248 
25.581528 37.041248 
25.581528 37.040695 
25.581249 37.040699 
25.581249 37.039589 
25.580971 37.039589 
25.580971 37.038750 
25.581249 37.038750 
25.581249 37.038189 
25.580973 37.038193 
25.580973 37.037361 
25.580690 37.037361 
25.580690 37.036800 
25.580416 37.036804 
25.580416 37.036530 
25.580692 37.036530 
25.580690 37.036251 
25.580416 37.036251 
25.580416 37.035416 
25.580139 37.035419 
25.580139 37.035141 
25.579861 37.035141 
25.579861 37.034859 
25.579582 37.034863 
25.579582 37.033749 
25.579306 37.033749 
25.579306 37.033474 
25.579582 37.033474 
25.579582 37.032917 
25.579861 37.032921 
25.579861 37.032639 
25.580139 37.032639 
25.580139 37.031811 
25.579861 37.031811 
25.579861 37.030972 
25.579580 37.030972 
25.579580 37.030418 
25.579306 37.030418 
25.579306 37.030140 
25.579027 37.030140 
25.579027 37.030693 
25.578751 37.030693 
25.578751 37.030418 
25.578190 37.030418 
25.578190 37.030140 
25.576805 37.030140 
25.576805 37.029583 
25.577084 37.029583 
25.577084 37.029305 
25.577639 37.029305 
25.577639 37.028751 
25.577917 37.028751 
25.577917 37.027916 
25.578190 37.027920 
25.578190 37.026810 
25.577921 37.026810 
25.577921 37.026249 
25.577639 37.026249 
25.577639 37.025970 
25.577917 37.025970 
25.577917 37.025417 
25.578470 37.025421 
25.578470 37.024860 
25.578751 37.024860 
25.578751 37.022911 
25.578474 37.022915 
25.578474 37.022640 
25.578190 37.022640 
25.578190 37.022079 
25.577917 37.022083 
25.577917 37.021805 
25.577639 37.021805 
25.577639 37.021252 
25.577360 37.021252 
25.577360 37.020691 
25.577084 37.020695 
25.577084 37.020416 
25.576811 37.020420 
25.576811 37.020142 
25.576252 37.020142 
25.576252 37.019859 
25.575695 37.019859 
25.575695 37.019585 
25.575417 37.019585 
25.575417 37.019028 
25.575142 37.019032 
25.575142 37.018749 
25.574858 37.018749 
25.574858 37.018200 
25.575142 37.018200 
25.575142 37.017921 
25.575422 37.017921 
25.575422 37.017361 
25.573191 37.017361 
25.573191 37.016251 
25.571806 37.016251 
25.571806 37.016529 
25.571526 37.016529 
25.571526 37.016804 
25.570972 37.016804 
25.570972 37.016529 
25.570415 37.016529 
25.570415 37.016251 
25.569860 37.016251 
25.569860 37.015690 
25.569307 37.015694 
25.569307 37.015415 
25.569031 37.015419 
25.569031 37.015141 
25.568470 37.015141 
25.568470 37.014309 
25.568750 37.014309 
25.568750 37.014030 
25.569031 37.014030 
25.569031 37.013748 
25.568750 37.013748 
25.568750 37.013470 
25.569307 37.013474 
25.569307 37.013195 
25.569860 37.013199 
25.569860 37.012920 
25.570141 37.012920 
25.570141 37.010971 
25.570415 37.010971 
25.570415 37.009304 
25.570139 37.009304 
25.570139 37.008751 
25.568750 37.008751 
25.568750 37.008469 
25.567917 37.008472 
25.567917 37.007637 
25.567640 37.007641 
25.567640 37.007080 
25.568193 37.007084 
25.568193 37.006805 
25.568472 37.006805 
25.568472 37.007084 
25.569027 37.007084 
25.569027 37.006805 
25.569309 37.006809 
25.569309 37.006531 
25.569031 37.006531 
25.569031 37.005970 
25.568750 37.005974 
25.568750 37.004860 
25.568470 37.004860 
25.568470 37.004311 
25.568199 37.004311 
25.568199 37.004028 
25.567917 37.004028 
25.567917 37.003750 
25.567638 37.003750 
25.567638 37.003471 
25.567360 37.003471 
25.567360 37.002918 
25.567080 37.002918 
25.567080 37.002640 
25.566528 37.002640 
25.566528 37.002361 
25.566250 37.002361 
25.566250 37.002079 
25.566528 37.002083 
25.566528 37.001251 
25.566250 37.001251 
25.566250 37.000969 
25.565971 37.000973 
25.565971 37.000137 
25.565969 36.999859 
25.565695 36.999863 
25.565695 36.999306 
25.565420 36.999310 
25.565420 36.999031 
25.565140 36.999031 
25.565140 36.998749 
25.564859 36.998749 
25.564859 36.998199 
25.564581 36.998199 
25.564581 36.997921 
25.564310 36.997921 
25.564310 36.997360 
25.564028 36.997360 
25.564028 36.997082 
25.563749 36.997082 
25.563749 36.996811 
25.563473 36.996811 
25.563473 36.996250 
25.563192 36.996250 
25.563192 36.995972 
25.563473 36.995972 
25.563473 36.995689 
25.564028 36.995693 
25.564028 36.995419 
25.564306 36.995415 
25.564306 36.995140 
25.564861 36.995140 
25.564859 36.994862 
25.565140 36.994862 
25.565140 36.994301 
25.564861 36.994305 
25.564861 36.993473 
25.564581 36.993473 
25.564581 36.992638 
25.564310 36.992641 
25.564310 36.992081 
25.564028 36.992085 
25.564028 36.991249 
25.563749 36.991249 
25.563749 36.990971 
25.561806 36.990971 
25.561806 36.990696 
25.561529 36.990700 
25.561529 36.990421 
25.560970 36.990421 
25.560970 36.990139 
25.560690 36.990139 
25.560690 36.989861 
25.560141 36.989861 
25.560141 36.989582 
25.560417 36.989582 
25.560417 36.987083 
25.563194 36.987083 
25.563194 36.986805 
25.563473 36.986805 
25.563473 36.986526 
25.562920 36.986530 
25.562920 36.986252 
25.562639 36.986252 
25.562639 36.985970 
25.562084 36.985973 
25.562084 36.985695 
25.562359 36.985695 
25.562359 36.985416 
25.562920 36.985420 
25.562920 36.984859 
25.562639 36.984859 
25.562639 36.984310 
25.562078 36.984310 
25.562078 36.984032 
25.561810 36.984032 
25.561810 36.983749 
25.561527 36.983749 
25.561527 36.983471 
25.560970 36.983471 
25.560970 36.983200 
25.559031 36.983200 
25.559031 36.982639 
25.559305 36.982639 
25.559305 36.982361 
25.559584 36.982361 
25.559580 36.982079 
25.559860 36.982082 
25.559860 36.981804 
25.560141 36.981804 
25.560141 36.981529 
25.560417 36.981529 
25.560417 36.981251 
25.560694 36.981251 
25.560690 36.980968 
25.560972 36.980972 
25.560972 36.980694 
25.559584 36.980694 
25.559584 36.980415 
25.559031 36.980419 
25.559031 36.980141 
25.558750 36.980141 
25.558750 36.979858 
25.558195 36.979862 
25.558195 36.979584 
25.557638 36.979584 
25.557638 36.979305 
25.557920 36.979309 
25.557920 36.978748 
25.558195 36.978748 
25.558195 36.978474 
25.558472 36.978474 
25.558472 36.978195 
25.558750 36.978199 
25.558750 36.977638 
25.559031 36.977638 
25.559027 36.976807 
25.558750 36.976810 
25.558750 36.974579 
25.558472 36.974583 
25.558472 36.971249 
25.558195 36.971249 
25.558195 36.969582 
25.557919 36.969582 
25.557919 36.969307 
25.557360 36.969311 
25.557360 36.969028 
25.557079 36.969028 
25.557079 36.968750 
25.556528 36.968750 
25.556528 36.968472 
25.555140 36.968472 
25.555140 36.967361 
25.554859 36.967361 
25.554859 36.966801 
25.555695 36.966805 
25.555695 36.964584 
25.555140 36.964584 
25.555140 36.964306 
25.554581 36.964310 
25.554581 36.964031 
25.554029 36.964031 
25.554029 36.963470 
25.553749 36.963470 
25.553749 36.962921 
25.553471 36.962921 
25.553471 36.962078 
25.553192 36.962082 
25.553192 36.961529 
25.552917 36.961529 
25.552917 36.960972 
25.552639 36.960972 
25.552639 36.960415 
25.552361 36.960415 
25.552361 36.960140 
25.552080 36.960140 
25.552080 36.959579 
25.551805 36.959583 
25.551805 36.959305 
25.551527 36.959305 
25.551527 36.959026 
25.551250 36.959030 
25.551250 36.958469 
25.550970 36.958473 
25.550970 36.958195 
25.550694 36.958195 
25.550694 36.957916 
25.550421 36.957920 
25.550421 36.957642 
25.550140 36.957642 
25.550140 36.957359 
25.549860 36.957359 
25.549860 36.957081 
25.549583 36.957085 
25.549583 36.956806 
25.548187 36.956810 
25.548187 36.956532 
25.547918 36.956532 
25.547918 36.956249 
25.547358 36.956249 
25.547358 36.955971 
25.547077 36.955971 
25.547077 36.955700 
25.546530 36.955700 
25.546530 36.955421 
25.546249 36.955421 
25.546249 36.955139 
25.544861 36.955139 
25.544861 36.954861 
25.544580 36.954861 
25.544580 36.954578 
25.544306 36.954582 
25.544306 36.954304 
25.544025 36.954304 
25.544025 36.954029 
25.543751 36.954029 
25.543751 36.953751 
25.543470 36.953751 
25.543470 36.953468 
25.543194 36.953472 
25.543194 36.953194 
25.540779 36.953194 
25.540417 36.953194 
25.540417 36.953751 
25.540138 36.953751 
25.540138 36.954304 
25.538471 36.954304 
25.538471 36.954029 
25.536249 36.954029 
25.536249 36.954304 
25.535973 36.954304 
25.535973 36.954582 
25.535688 36.954578 
25.535688 36.955971 
25.535969 36.955971 
25.535969 36.956532 
25.536249 36.956528 
25.536249 36.957085 
25.536530 36.957081 
25.536530 36.957642 
25.535969 36.957642 
25.535969 36.957359 
25.535688 36.957359 
25.535688 36.957081 
25.534580 36.957081 
25.534584 36.957359 
25.534031 36.957359 
25.534031 36.957642 
25.533751 36.957642 
25.533751 36.957081 
25.533472 36.957085 
25.533472 36.956806 
25.533190 36.956810 
25.533190 36.956532 
25.532921 36.956532 
25.532921 36.955971 
25.531805 36.955971 
25.531805 36.955696 
25.529305 36.955696 
25.529310 36.955971 
25.528749 36.955971 
25.528749 36.955421 
25.528469 36.955421 
25.528469 36.955139 
25.528191 36.955139 
25.528191 36.954578 
25.527361 36.954578 
25.527361 36.954861 
25.527081 36.954861 
25.527081 36.955421 
25.526810 36.955421 
25.526810 36.955700 
25.527361 36.955700 
25.527361 36.955971 
25.526527 36.955971 
25.526527 36.955696 
25.525970 36.955700 
25.525970 36.955421 
25.524031 36.955421 
25.524031 36.955700 
25.523470 36.955700 
25.523470 36.955971 
25.522917 36.955971 
25.522921 36.956249 
25.522362 36.956249 
25.522362 36.956532 
25.521801 36.956532 
25.521801 36.956810 
25.521248 36.956806 
25.521248 36.957085 
25.520695 36.957085 
25.520695 36.956806 
25.520138 36.956810 
25.520138 36.956532 
25.519859 36.956532 
25.519859 36.955700 
25.519581 36.955700 
25.519581 36.954578 
25.519306 36.954582 
25.519306 36.954029 
25.517916 36.954029 
25.517916 36.953751 
25.514860 36.953751 
25.514862 36.954029 
25.512638 36.954029 
25.512638 36.954304 
25.510695 36.954304 
25.510695 36.954582 
25.509027 36.954582 
25.509027 36.954029 
25.509306 36.954029 
25.509306 36.953751 
25.509583 36.953751 
25.509579 36.953468 
25.509863 36.953472 
25.509863 36.952915 
25.510139 36.952919 
25.510139 36.952641 
25.509859 36.952641 
25.509859 36.952080 
25.509583 36.952084 
25.509583 36.951527 
25.509310 36.951530 
25.509310 36.951248 
25.509027 36.951248 
25.509027 36.950974 
25.508472 36.950974 
25.508472 36.950695 
25.508190 36.950699 
25.508190 36.950420 
25.507641 36.950420 
25.507641 36.950142 
25.507360 36.950142 
25.507360 36.949860 
25.506250 36.949860 
25.506250 36.950142 
25.505970 36.950142 
25.505970 36.950420 
25.505697 36.950420 
25.505697 36.950699 
25.505138 36.950695 
25.505138 36.950974 
25.504860 36.950970 
25.504860 36.951248 
25.504580 36.951248 
25.504580 36.951530 
25.504299 36.951530 
25.504299 36.951248 
25.504028 36.951248 
25.504028 36.950974 
25.503750 36.950974 
25.503750 36.950695 
25.503189 36.950699 
25.503189 36.950420 
25.502920 36.950420 
25.502920 36.950142 
25.502640 36.950142 
25.502640 36.949860 
25.501249 36.949860 
25.501249 36.950142 
25.500971 36.950142 
25.500971 36.950420 
25.500690 36.950420 
25.500690 36.950699 
25.499580 36.950699 
25.499582 36.947571 
25.499582 36.947083 
25.499027 36.947083 
25.499027 36.946804 
25.498751 36.946804 
25.498751 36.946529 
25.498190 36.946529 
25.498190 36.946251 
25.497639 36.946251 
25.497639 36.945972 
25.497084 36.945972 
25.497084 36.945694 
25.496805 36.945694 
25.496805 36.945415 
25.495417 36.945415 
25.495417 36.945694 
25.494862 36.945694 
25.494862 36.945972 
25.494028 36.945972 
25.494028 36.946251 
25.493748 36.946251 
25.493748 36.945969 
25.493473 36.945972 
25.493473 36.946301 
25.493473 36.946529 
25.492916 36.946529 
25.492916 36.946804 
25.492361 36.946804 
25.492361 36.947083 
25.491249 36.947083 
25.491249 36.946804 
25.491526 36.946804 
25.491526 36.946251 
25.491806 36.946251 
25.491806 36.945957 
25.491806 36.945694 
25.492083 36.945694 
25.492083 36.945137 
25.492359 36.945141 
25.492359 36.944580 
25.492640 36.944584 
25.492640 36.942638 
25.490690 36.942638 
25.490690 36.941811 
25.490141 36.941811 
25.490141 36.941528 
25.489307 36.941528 
25.489307 36.941250 
25.489027 36.941250 
25.489027 36.940971 
25.488750 36.940971 
25.488750 36.940418 
25.488470 36.940418 
25.488470 36.940140 
25.488190 36.940140 
25.488190 36.939861 
25.487917 36.939861 
25.487917 36.937916 
25.487640 36.937920 
25.487640 36.937359 
25.487362 36.937363 
25.487362 36.937084 
25.487085 36.937084 
25.487085 36.936806 
25.486250 36.936810 
25.486250 36.936531 
25.485689 36.936531 
25.485689 36.936249 
25.485416 36.936249 
25.485416 36.935974 
25.484861 36.935974 
25.484861 36.935696 
25.484579 36.935699 
25.484579 36.935421 
25.484030 36.935421 
25.484030 36.935139 
25.483749 36.935139 
25.483749 36.934860 
25.483192 36.934860 
25.483192 36.934582 
25.482916 36.934582 
25.482916 36.934307 
25.483192 36.934311 
25.483192 36.934029 
25.483473 36.934029 
25.483473 36.933750 
25.483749 36.933750 
25.483749 36.933472 
25.484310 36.933472 
25.484306 36.933193 
25.484581 36.933193 
25.484581 36.932919 
25.484859 36.932911 
25.484861 36.932640 
25.486250 36.932640 
25.486250 36.932362 
25.485970 36.932362 
25.485970 36.931801 
25.485695 36.931805 
25.485695 36.931526 
25.485420 36.931530 
25.485420 36.930969 
25.482639 36.930973 
25.482639 36.930695 
25.482084 36.930695 
25.482082 36.930416 
25.481810 36.930420 
25.481810 36.930141 
25.480141 36.930141 
25.480141 36.930420 
25.477638 36.930416 
25.477638 36.930695 
25.476528 36.930695 
25.476528 36.930973 
25.476250 36.930969 
25.476250 36.931252 
25.475969 36.931252 
25.475969 36.931530 
25.475695 36.931526 
25.475695 36.931805 
25.475416 36.931805 
25.475420 36.932362 
25.475132 36.932365 
25.475140 36.932640 
25.474859 36.932640 
25.474859 36.932919 
25.474581 36.932919 
25.474581 36.936249 
25.473749 36.936249 
25.473749 36.936531 
25.472919 36.936531 
25.472919 36.936810 
25.470140 36.936810 
25.470140 36.936249 
25.469860 36.936249 
25.469860 36.935970 
25.469584 36.935974 
25.469584 36.935696 
25.469311 36.935699 
25.469311 36.935421 
25.469032 36.935421 
25.469032 36.935139 
25.468752 36.935139 
25.468752 36.934860 
25.468472 36.934860 
25.468472 36.934582 
25.468191 36.934582 
25.468191 36.934311 
25.467922 36.934311 
25.467922 36.934029 
25.467358 36.934029 
25.467358 36.933750 
25.467077 36.933750 
25.467077 36.933472 
25.466528 36.933472 
25.466528 36.933193 
25.464861 36.933193 
25.464861 36.932083 
25.464422 36.932083 
25.464306 36.932083 
25.464306 36.931805 
25.464025 36.931805 
25.464025 36.931526 
25.463470 36.931530 
25.463470 36.931252 
25.463190 36.931252 
25.463190 36.930969 
25.462639 36.930973 
25.462639 36.930695 
25.462360 36.930695 
25.462360 36.930138 
25.462641 36.930141 
25.462641 36.929581 
25.462917 36.929585 
25.462917 36.929028 
25.462641 36.929031 
25.462641 36.928471 
25.461803 36.928471 
25.461803 36.928196 
25.460970 36.928200 
25.460970 36.926811 
25.460699 36.926811 
25.460699 36.926529 
25.460138 36.926529 
25.460138 36.926250 
25.459028 36.926250 
25.459028 36.925972 
25.460417 36.925972 
25.460417 36.925415 
25.460699 36.925419 
25.460699 36.924858 
25.460417 36.924862 
25.460417 36.924305 
25.460138 36.924305 
25.460138 36.923752 
25.459860 36.923752 
25.459860 36.923470 
25.459585 36.923473 
25.459585 36.923195 
25.459028 36.923195 
25.459028 36.922916 
25.458469 36.922920 
25.458469 36.922642 
25.457920 36.922642 
25.457920 36.922359 
25.457359 36.922359 
25.457359 36.921810 
25.457083 36.921810 
25.457083 36.921249 
25.456806 36.921249 
25.456806 36.920971 
25.455139 36.920971 
25.455139 36.921249 
25.454580 36.921249 
25.454580 36.920139 
25.454306 36.920139 
25.454306 36.919861 
25.453751 36.919861 
25.453751 36.919579 
25.453472 36.919582 
25.453472 36.919304 
25.451216 36.919304 
25.450418 36.919304 
25.450418 36.918751 
25.450138 36.918751 
25.450138 36.918194 
25.449862 36.918194 
25.449862 36.917915 
25.450138 36.917915 
25.450138 36.917641 
25.450695 36.917641 
25.450695 36.917084 
25.450418 36.917084 
25.450418 36.916527 
25.450140 36.916531 
25.450140 36.915970 
25.449862 36.915974 
25.449862 36.915695 
25.447916 36.915695 
25.447916 36.915974 
25.447639 36.915970 
25.447639 36.916248 
25.447359 36.916248 
25.447359 36.916531 
25.447083 36.916527 
25.447083 36.917084 
25.446806 36.917084 
25.446806 36.917362 
25.446527 36.917362 
25.446529 36.917641 
25.446251 36.917641 
25.446251 36.917999 
25.446251 36.918194 
25.445971 36.918190 
25.445971 36.918751 
25.445690 36.918751 
25.445694 36.919029 
25.445417 36.919029 
25.445417 36.919582 
25.445139 36.919582 
25.445141 36.920139 
25.444860 36.920139 
25.444860 36.920422 
25.444309 36.920422 
25.444309 36.919300 
25.444027 36.919304 
25.444027 36.919029 
25.443750 36.919029 
25.443750 36.918751 
25.443195 36.918751 
25.443195 36.918472 
25.442917 36.918472 
25.442917 36.918194 
25.442638 36.918194 
25.442638 36.917915 
25.440695 36.917915 
25.440695 36.918194 
25.439861 36.918194 
25.439861 36.918472 
25.439306 36.918472 
25.439306 36.919029 
25.439030 36.919029 
25.439030 36.919582 
25.438749 36.919579 
25.438749 36.919861 
25.438471 36.919861 
25.438471 36.919579 
25.437639 36.919582 
25.437639 36.919304 
25.437084 36.919304 
25.437084 36.919029 
25.435417 36.919029 
25.435417 36.919304 
25.434860 36.919304 
25.434860 36.919582 
25.434311 36.919579 
25.434311 36.920700 
25.434031 36.920700 
25.434031 36.920422 
25.432920 36.920422 
25.432920 36.921532 
25.432360 36.921532 
25.432360 36.921810 
25.431801 36.921810 
25.431801 36.921532 
25.430737 36.921528 
25.430416 36.921528 
25.430416 36.921844 
25.430420 36.924030 
25.430971 36.924026 
25.430971 36.924305 
25.431528 36.924305 
25.431528 36.924583 
25.431805 36.924583 
25.431805 36.924862 
25.432638 36.924862 
25.432638 36.924583 
25.432917 36.924583 
25.432917 36.924862 
25.433195 36.924862 
25.433195 36.925140 
25.434311 36.925140 
25.434311 36.925419 
25.434029 36.925415 
25.434029 36.925972 
25.433750 36.925968 
25.433750 36.926529 
25.433472 36.926529 
25.433472 36.927082 
25.433195 36.927082 
25.433195 36.927639 
25.432640 36.927639 
25.432640 36.927921 
25.432360 36.927921 
25.432360 36.928200 
25.431801 36.928200 
25.431805 36.928471 
25.431528 36.928471 
25.431530 36.928749 
25.431250 36.928749 
25.431250 36.929031 
25.430969 36.929031 
25.430969 36.929310 
25.430695 36.929306 
25.430695 36.929585 
25.430416 36.929585 
25.430416 36.929863 
25.430140 36.929859 
25.430140 36.930141 
25.429859 36.930141 
25.429859 36.930420 
25.429583 36.930416 
25.429583 36.930695 
25.429306 36.930695 
25.429306 36.930973 
25.429028 36.930973 
25.429029 36.931252 
25.428749 36.931252 
25.428749 36.931530 
25.425970 36.931530 
25.425970 36.930969 
25.424299 36.930969 
25.424299 36.931252 
25.423750 36.931252 
25.423750 36.931530 
25.423189 36.931530 
25.423195 36.932919 
25.422915 36.932919 
25.422920 36.934582 
25.422640 36.934582 
25.422640 36.935139 
25.422361 36.935139 
25.422361 36.935974 
25.422079 36.935970 
25.422079 36.936531 
25.421810 36.936531 
25.421810 36.937920 
25.422079 36.937920 
25.422079 36.939030 
25.423750 36.939026 
25.423750 36.939304 
25.425417 36.939304 
25.425417 36.939583 
25.425137 36.939583 
25.425140 36.940140 
25.424862 36.940140 
25.424862 36.940693 
25.424580 36.940689 
25.424580 36.941811 
25.424305 36.941807 
25.424305 36.943474 
25.424028 36.943474 
25.424028 36.944584 
25.424299 36.944580 
25.424299 36.945141 
25.424583 36.945137 
25.424583 36.945694 
25.424860 36.945690 
25.424860 36.946251 
25.425137 36.946251 
25.425137 36.946804 
25.425417 36.946804 
25.425417 36.947361 
25.425690 36.947361 
25.425697 36.947922 
25.425970 36.947922 
25.425970 36.949032 
25.425697 36.949032 
25.425690 36.949310 
25.425417 36.949306 
25.425417 36.949585 
25.424860 36.949581 
25.424860 36.949860 
25.424299 36.949860 
25.424299 36.952919 
25.424583 36.952915 
25.424583 36.953472 
25.424860 36.953468 
25.424860 36.954029 
25.425137 36.954029 
25.425137 36.954304 
25.425417 36.954304 
25.425417 36.954582 
25.425694 36.954582 
25.425695 36.954861 
25.425970 36.954861 
25.425970 36.955421 
25.426250 36.955421 
25.426250 36.955971 
25.425697 36.955971 
25.425694 36.956249 
25.425417 36.956249 
25.425417 36.957085 
25.425137 36.957085 
25.425137 36.958195 
25.425421 36.958191 
25.425421 36.959030 
25.425694 36.959026 
25.425695 36.959583 
25.425970 36.959579 
25.425970 36.960972 
25.426250 36.960972 
25.426250 36.961811 
25.426527 36.961807 
25.426527 36.962082 
25.426805 36.962082 
25.426805 36.962639 
25.426527 36.962639 
25.426531 36.963470 
25.426250 36.963470 
25.426250 36.964310 
25.425972 36.964306 
25.425972 36.964863 
25.425697 36.964859 
25.425690 36.965141 
25.425417 36.965137 
25.425417 36.965694 
25.425137 36.965694 
25.425137 36.965973 
25.424860 36.965969 
25.424860 36.966530 
25.424583 36.966526 
25.424583 36.966805 
25.424299 36.966801 
25.424305 36.967361 
25.424028 36.967361 
25.424030 36.967640 
25.423750 36.967640 
25.423750 36.967918 
25.423471 36.967918 
25.423471 36.968193 
25.423195 36.968193 
25.423195 36.967918 
25.422359 36.967918 
25.422359 36.967640 
25.419306 36.967640 
25.419310 36.967918 
25.418194 36.967918 
25.418194 36.968193 
25.417360 36.968189 
25.417360 36.968472 
25.416805 36.968472 
25.416805 36.968750 
25.415138 36.968750 
25.415138 36.968472 
25.414862 36.968472 
25.414862 36.968189 
25.414305 36.968193 
25.414305 36.967918 
25.414028 36.967918 
25.414028 36.967640 
25.412359 36.967640 
25.412359 36.967918 
25.412083 36.967918 
25.412083 36.968193 
25.411806 36.968193 
25.411806 36.968750 
25.411526 36.968750 
25.411530 36.969582 
25.411249 36.969582 
25.411249 36.970421 
25.410971 36.970421 
25.410971 36.970699 
25.410694 36.970695 
25.410694 36.970974 
25.409584 36.970974 
25.409584 36.970695 
25.409309 36.970699 
25.409309 36.970139 
25.409027 36.970139 
25.409027 36.969860 
25.406528 36.969860 
25.406530 36.970139 
25.405970 36.970139 
25.405970 36.970421 
25.405689 36.970421 
25.405689 36.973751 
25.404860 36.973751 
25.404861 36.974030 
25.404028 36.974030 
25.404028 36.974304 
25.403473 36.974304 
25.403473 36.974583 
25.402916 36.974583 
25.402920 36.974861 
25.402359 36.974861 
25.402359 36.975140 
25.402079 36.975140 
25.402079 36.975422 
25.401527 36.975418 
25.401527 36.975693 
25.400970 36.975689 
25.400972 36.975971 
25.400417 36.975971 
25.400417 36.976250 
25.400141 36.976250 
25.400141 36.976528 
25.399580 36.976528 
25.399580 36.976810 
25.399307 36.976810 
25.399307 36.977089 
25.398750 36.977089 
25.398750 36.977360 
25.398470 36.977360 
25.398472 36.977638 
25.397640 36.977638 
25.397640 36.977921 
25.396530 36.977921 
25.396530 36.978199 
25.395695 36.978195 
25.395695 36.978474 
25.394028 36.978474 
25.394028 36.977917 
25.393749 36.977921 
25.393749 36.977089 
25.393471 36.977089 
25.393471 36.976528 
25.391527 36.976528 
25.391529 36.977638 
25.390970 36.977638 
25.390970 36.977921 
25.390421 36.977921 
25.390421 36.978199 
25.390139 36.978195 
25.390139 36.978474 
25.389860 36.978474 
25.389860 36.977917 
25.389580 36.977921 
25.389580 36.977638 
25.388752 36.977638 
25.388752 36.976528 
25.388472 36.976528 
25.388472 36.975971 
25.387358 36.975971 
25.387362 36.976250 
25.386806 36.976250 
25.386805 36.975971 
25.386528 36.975971 
25.386528 36.975693 
25.385973 36.975693 
25.385973 36.975418 
25.385691 36.975422 
25.385691 36.975140 
25.385416 36.975140 
25.385416 36.974861 
25.384029 36.974861 
25.384029 36.975422 
25.384306 36.975418 
25.384306 36.976250 
25.384581 36.976250 
25.384581 36.977089 
25.384861 36.977085 
25.384861 36.977509 
25.384863 36.977924 
25.385139 36.977917 
25.385139 36.978474 
25.385416 36.978474 
25.385416 36.978748 
25.385691 36.978748 
25.385691 36.979031 
25.385969 36.979031 
25.385969 36.979309 
25.386250 36.979305 
25.386250 36.979584 
25.386528 36.979584 
25.386528 36.980141 
25.386250 36.980141 
25.386250 36.980694 
25.385969 36.980690 
25.385969 36.981251 
25.385695 36.981251 
25.385695 36.981804 
25.384026 36.981804 
25.384026 36.982082 
25.384306 36.982082 
25.384306 36.982361 
25.384581 36.982361 
25.384581 36.982639 
25.384859 36.982639 
25.384859 36.982922 
25.385420 36.982922 
25.385420 36.983200 
25.385691 36.983200 
25.385691 36.983471 
25.385969 36.983471 
25.385969 36.983749 
25.386250 36.983749 
25.386250 36.984032 
25.385691 36.984032 
25.385691 36.984310 
25.385139 36.984306 
25.385139 36.984585 
25.384859 36.984581 
25.384859 36.985142 
25.384583 36.985138 
25.384583 36.985695 
25.384306 36.985695 
25.384306 36.986252 
25.384029 36.986252 
25.384029 36.986530 
25.384583 36.986526 
25.384583 36.986805 
25.384861 36.986805 
25.384861 36.987083 
25.389305 36.987083 
25.389305 36.987362 
25.389580 36.987358 
25.389580 36.987919 
25.389860 36.987915 
25.389860 36.988194 
25.390139 36.988194 
25.390139 36.988472 
25.390417 36.988472 
25.390417 36.989029 
25.390690 36.989029 
25.390690 36.989311 
25.390970 36.989311 
25.390970 36.989861 
25.391251 36.989861 
25.391251 36.990139 
25.393471 36.990139 
25.393471 36.990700 
25.393190 36.990700 
25.393190 36.991810 
25.392918 36.991806 
25.392920 36.993752 
25.392639 36.993752 
25.392639 36.994305 
25.392361 36.994301 
25.392361 36.995140 
25.392084 36.995140 
25.392084 36.995693 
25.391806 36.995693 
25.391806 36.995972 
25.391527 36.995972 
25.391529 36.996250 
25.391251 36.996250 
25.391251 36.996529 
25.390970 36.996529 
25.390970 36.996811 
25.390690 36.996811 
25.390694 36.997082 
25.390694 36.997082 
