5.000000 0.000000 
0.987688 0.156434 
4.755283 1.545085 
0.891007 0.453990 
4.045085 2.938926 
0.707107 0.707107 
2.938926 4.045085 
0.453990 0.891007 
1.545085 4.755283 
0.156434 0.987688 
0.000000 5.000000 
-0.156434 0.987688 
-1.545085 4.755283 
-0.453990 0.891007 
-2.938926 4.045085 
-0.707107 0.707107 
-4.045085 2.938926 
-0.891007 0.453990 
-4.755283 1.545085 
-0.987688 0.156434 
-5.000000 0.000000 
-0.987688 -0.156434 
-4.755283 -1.545085 
-0.891007 -0.453990 
-4.045085 -2.938926 
-0.707107 -0.707107 
-2.938926 -4.045085 
-0.453990 -0.891007 
-1.545085 -4.755283 
-0.156434 -0.987688 
0.000000 -5.000000 
0.156434 -0.987688 
1.545085 -4.755283 
0.453990 -0.891007 
2.938926 -4.045085 
0.707107 -0.707107 
4.045085 -2.938926 
0.891007 -0.453990 
4.755283 -1.545085 
0.987688 -0.156434 
5.000000 0.000000 
